1001.0
1001.0
1001.0
1001.0
1002.0
1002.0
1002.0
1002.0
1003.0
1004.0
1004.0
1004.0
1005.0
1005.0
1006.0
1007.0
1007.0
1007.0
1009.0
1010.0
1011.0
1011.0
1016.0
1016.0
1017.0
1019.0
1023.0
1023.0
1023.0
1023.0
1027.0
1033.0
1036.0
1039.0
1045.0
1049.0
1053.0
1053.0
1053.0
1070.0
1070.0
1070.0
1081.0
1086.0
1111.0
1111.0
1118.0
1133.0
1141.0
1141.0
1150.0
1158.0
1197.0
1219.0
1219.0
1219.0
1243.0
1256.0
1282.0
1311.0
1311.0
1311.0
1358.0
1392.0
1410.0
1428.0
1447.0
1447.0
1467.0
1509.0
1509.0
1530.0
1553.0
1576.0
1.6e3
1.6e3
1625.0
1625.0
1650.0
1650.0
1676.0
1676.0
1676.0
1819.0
1882.0
1915.0
1983.0
1983.0
2019.0
2055.0
2131.0
2131.0
2171.0
2171.0
2384.0
2430.0
2525.0
2525.0
2525.0
2625.0
2677.0
2730.0
2785.0
2840.0
2955.0
3075.0
3138.0
3470.0
3541.0
3541.0
3613.0
3762.0
3762.0
3762.0
3839.0
3839.0
3998.0
3998.0
4249.0
4336.0
4424.0
4424.0
4515.0
4607.0
4607.0
4607.0
4797.0
4895.0
4895.0
4994.0
5096.0
5199.0
5199.0
5411.0
5411.0
5411.0
5521.0
5521.0
5521.0
5521.0
5632.0
5861.0
5861.0
5978.0
5978.0
6098.0
6343.0
6343.0
6343.0
6470.0
6728.0
6996.0
7134.0
7134.0
7274.0
7274.0
7274.0
7416.0
7561.0
7561.0
7708.0
7708.0
7708.0
8009.0
8163.0
8320.0
8480.0
8642.0
9145.0
9145.0
9317.0
9493.0
9671.0
9852.0
10223.0
10801.0
1.1e4
11201.0
11201.0
11406.0
11613.0
11613.0
11613.0
11824.0
11824.0
12038.0
12038.0
12475.0
12698.0
13155.0
13155.0
13155.0
13388.0
13624.0
13624.0
13624.0
13864.0
13864.0
14107.0
14354.0
14858.0
